camera_matrix:
- - 1519.9773718708432
  - 0.0
  - 974.9642111767597
- - 0.0
  - 1508.0859877562764
  - 538.8976594658862
- - 0.0
  - 0.0
  - 1.0
dist_coeff:
- - 0.08944637777172766
  - -0.42232947387532
  - -0.003685595016476596
  - 0.002735834825510666
  - 0.40675684515385085
